1, 0.983112, 2, 0.895683, 17, 0.995561
2, 0.895683, 3, 0.966874, 6, 0.797721
3, 0.966874, 4, 0.901235, 5, 1.000000
4)*  weights = 162 
5)*  weights = 321 
6, 0.797721, 7, 0.842593, 16, 0.259259
7, 0.842593, 8, 0.936508, 13, 0.711111
8, 0.936508, 9, 0.714286, 12, 1.000000
9, 0.714286, 10, 1.000000, 11, 0.000000
10)*  weights = 30 
11)*  weights = 12 
12)*  weights = 147 
13, 0.711111, 14, 0.518519, 15, 1.000000
14)*  weights = 81 
15)*  weights = 54 
16)*  weights = 27 
17, 0.995561, 18, 0.998866, 21, 0.964727
18, 0.998866, 19, 1.000000, 20, 0.992063
19)*  weights = 4534 
20)*  weights = 756 
21, 0.964727, 22, 1.000000, 23, 0.894180
22)*  weights = 378 
23)*  weights = 189 
