1, 0.913206, 2, 0.861349, 37, 0.995313
2, 0.861349, 3, 0.558553, 24, 0.962281
3, 0.558553, 4, 0.640833, 23, 0.250000
4, 0.640833, 5, 0.503125, 14, 0.798214
5, 0.503125, 6, 0.458333, 13, 0.906250
6, 0.458333, 7, 0.583333, 10, 0.333333
7, 0.583333, 8, 1.000000, 9, 0.444444
8)*  weights = 72 
9)*  weights = 216 
10, 0.333333, 11, 0.000000, 12, 0.666667
11)*  weights = 144 
12)*  weights = 144 
13)*  weights = 64 
14, 0.798214, 15, 0.633333, 18, 0.921875
15, 0.633333, 16, 0.525000, 17, 0.850000
16)*  weights = 160 
17)*  weights = 80 
18, 0.921875, 19, 0.843750, 22, 1.000000
19, 0.843750, 20, 0.609375, 21, 1.000000
20)*  weights = 64 
21)*  weights = 96 
22)*  weights = 160 
23)*  weights = 320 
24, 0.962281, 25, 0.934848, 36, 1.000000
25, 0.934848, 26, 0.777273, 31, 0.966364
26, 0.777273, 27, 0.591667, 30, 1.000000
27, 0.591667, 28, 1.000000, 29, 0.387500
28)*  weights = 80 
29)*  weights = 160 
30)*  weights = 200 
31, 0.966364, 32, 0.915909, 35, 1.000000
32, 0.915909, 33, 0.867857, 34, 1.000000
33)*  weights = 560 
34)*  weights = 320 
35)*  weights = 1320 
36)*  weights = 1920 
37, 0.995313, 38, 0.981250, 41, 1.000000
38, 0.981250, 39, 0.943750, 40, 1.000000
39)*  weights = 320 
40)*  weights = 640 
41)*  weights = 2880 
