1, 0.762755, 2, 0.000000, 3, 0.889699
2)*  weights = 1278 
3, 0.889699, 4, 0.634673, 17, 0.943804
4, 0.634673, 5, 0.269841, 12, 0.853571
5, 0.269841, 6, 0.452381, 11, 0.178571
6, 0.452381, 7, 0.187500, 10, 0.982143
7, 0.187500, 8, 0.000000, 9, 0.375000
8)*  weights = 56 
9)*  weights = 56 
10)*  weights = 56 
11)*  weights = 336 
12, 0.853571, 13, 0.987500, 14, 0.585714
13)*  weights = 560 
14, 0.585714, 15, 0.080357, 16, 0.922619
15)*  weights = 112 
16)*  weights = 168 
17, 0.943804, 18, 0.603535, 41, 0.992423
18, 0.603535, 19, 0.404040, 26, 0.803030
19, 0.404040, 20, 0.870370, 21, 0.229167
20)*  weights = 108 
21, 0.229167, 22, 0.000000, 23, 0.343750
22)*  weights = 96 
23, 0.343750, 24, 0.125000, 25, 0.562500
24)*  weights = 96 
25)*  weights = 96 
26, 0.803030, 27, 0.870370, 38, 0.500000
27, 0.870370, 28, 0.740741, 37, 1.000000
28, 0.740741, 29, 0.444444, 32, 0.888889
29, 0.444444, 30, 0.000000, 31, 0.800000
30)*  weights = 24 
31)*  weights = 30 
32, 0.888889, 33, 0.500000, 36, 1.000000
33, 0.500000, 34, 0.000000, 35, 1.000000
34)*  weights = 12 
35)*  weights = 12 
36)*  weights = 84 
37)*  weights = 162 
38, 0.500000, 39, 0.250000, 40, 1.000000
39)*  weights = 48 
40)*  weights = 24 
41, 0.992423, 42, 1.000000, 43, 0.977273
42)*  weights = 3695 
43, 0.977273, 44, 0.948052, 47, 0.987013
44, 0.948052, 45, 0.896104, 46, 1.000000
45)*  weights = 231 
46)*  weights = 231 
47, 0.987013, 48, 0.964286, 51, 1.000000
48, 0.964286, 49, 0.928571, 50, 1.000000
49)*  weights = 252 
50)*  weights = 252 
51)*  weights = 882 
