0 5 6 2.666667 4.333333
0 5.5 5.5 2.666667 6.666667
0 7 7 2.666667 2.666667
0 1.666667 1.166667 3 2.333333
0 6 6.5 3 4.333333
0 5.833333 6.833333 2.333333 4.666667
0 4.833333 6 2 5.333333
0 5.5 6.333333 3 3.333333
0 5.333333 7 3 4.666667
0 5.333333 5 2.666667 4.333333
0 5.666667 4 2 2
0 7 5.5 5.333333 2.666667
0 5 4.833333 2.666667 3.333333
0 4.166667 5.166667 2.666667 5.666667
0 5.666667 4 4.333333 4.333333
0 6.5 6 5.666667 4.666667
0 5.5 5.666667 5 4.666667
0 5.333333 4 2.666667 2.333333
0 7 7 5.333333 5
0 5.666667 6 3.333333 3.333333
0 6.5 7 4 4.333333
0 6.5 6.333333 2.666667 2.666667
0 6.333333 6 6 5.333333
0 5.5 4.833333 5.666667 5.666667
0 6 5 4.666667 5.666667
0 4.833333 5.166667 2.666667 2.666667
0 5 4 1.333333 1.666667
0 6 5.5 4.333333 4.666667
0 5.666667 5.666667 3.333333 4
0 4.833333 6 6.333333 6
0 6.5 5.833333 2 2.666667
0 5.333333 6 3.333333 3
0 5.166667 6.166667 4 4.333333
0 5.666667 4.666667 5 5.333333
0 5.5 5 4 5.333333
0 5.666667 6.166667 3 3
0 4 6 4.333333 4.666667
0 6.166667 6.166667 3.333333 2.666667
0 6.666667 6.666667 2.666667 2.666667
0 7 4 5.666667 5.666667
0 6 6.333333 4.666667 5.666667
0 6 6.166667 3.666667 3
0 7 7 2.666667 2.666667
0 6.5 6 4 5
0 4.333333 5 4.666667 5.333333
0 7 7 2.666667 2.666667
0 6 6.833333 2.666667 2.666667
0 6.166667 4 3 3.666667
0 6 7 4.666667 4.333333
0 5.5 5 3.666667 5
0 6.166667 5.5 3.333333 4.333333
0 6.666667 7 4 5
0 6.166667 5 2 1.666667
0 6.833333 5.833333 4.333333 4.666667
0 5.666667 6.166667 2.666667 2.666667
0 5.5 4 2.666667 4
0 6.833333 7 3.333333 3.666667
0 6.833333 7 2.666667 5
0 5.5 5.666667 3 4
0 5 6 3 2.666667
0 5.833333 6.666667 1.666667 3
0 7 6 4.333333 4
0 5 6 4 4
0 6.333333 6.666667 3.666667 4.333333
0 7 6 2.666667 3.333333
0 6 5.166667 4.333333 4
0 7 6.666667 4.666667 4.666667
0 5 4.833333 4.666667 3.333333
0 4.833333 6 4.666667 4
0 6.666667 7 3 3.666667
0 7 6.333333 2.666667 2.666667
0 6.333333 7 2.666667 3
0 6.333333 6 6 5.333333
0 6 5.333333 5.333333 5.666667
0 5.333333 6 5 5
0 6.666667 6.666667 4 4.666667
0 5.666667 5.5 4.666667 4.666667
0 4 5.833333 3.666667 3
0 5.666667 6.666667 6 4.333333
0 6.833333 6.166667 5 5.333333
0 5.833333 6.666667 5.666667 6
0 6.666667 5 6 3
0 6.333333 5.333333 5 5.666667
0 4 4 2.333333 1.666667
0 2.166667 5.5 2 5
0 7 7 3.666667 4.666667
0 6.166667 6 3 2.666667
0 5.833333 5.666667 4.666667 3.333333
0 5 5 4.333333 5.333333
0 5 5.5 3.333333 4.333333
0 5.166667 4.5 4 4.333333
0 5.833333 7 4.666667 5
0 6.5 5.666667 2.333333 3.333333
0 6.166667 7 5.333333 5.333333
0 6 6 2.333333 2.666667
0 7 7 4 4.666667
0 6.333333 7 2.333333 2
0 4 5 4.666667 3.333333
0 5.666667 5.5 5 5
0 5.833333 7 5.333333 4.666667
0 6 7 5.333333 5.666667
0 4.833333 5.5 4.333333 4
0 5.166667 4 5 4
0 7 7 4 5.666667
0 6 5.666667 5.333333 4.333333
0 6.5 6.166667 4.666667 4.666667
0 6.5 6.833333 2.333333 4.666667
0 7 6.5 5.666667 6
0 7 6 3.666667 5
0 5.666667 7 3.333333 3.333333
0 7 4 4.666667 2.666667
0 5 2.333333 4 4
0 5.666667 5.666667 3 5
0 5.333333 1.666667 3.333333 3.333333
0 5.833333 5.666667 2.666667 3
0 6 7 3.666667 3.666667
0 6 5.833333 4 5.666667
0 4.666667 4.333333 1.333333 1.333333
0 4 3.833333 3.666667 3
0 6.333333 6.5 2.666667 3
0 5.333333 5.166667 3.333333 5.333333
0 6.333333 6.5 5.666667 6
0 5.5 7 3.333333 3
0 7 6.166667 6.666667 6.666667
0 5.833333 7 3 4.666667
0 7 7 4 3
0 6.666667 7 6 5.666667
0 7 7 5.333333 5
0 4 4 5 5
0 7 5.666667 3 4
0 4.333333 6 5.666667 4.666667
0 5.5 5.666667 4.333333 5.666667
0 5.666667 5.666667 4.666667 3.333333
0 4 4 4 5.333333
0 5.333333 5.833333 3.333333 4.666667
0 6 5 5 5.333333
0 6.666667 7 3 5
0 4 4 3 3.333333
0 4.166667 5.333333 5.333333 5.666667
0 5.666667 5.666667 3.333333 5
0 4.666667 4 2 3
0 4 5.166667 2.666667 4.333333
0 6.5 5.5 3.333333 4.333333
0 5.166667 5.166667 1.666667 2
0 6.5 6 2.666667 2.666667
0 5.333333 4.666667 4 3.666667
0 6.833333 4.5 4.333333 6
0 4 4 2.333333 3.333333
0 5.666667 5 3 3
0 5.166667 4 3.666667 4
0 5 5.833333 3.666667 3.666667
0 4.833333 7 4 5.333333
0 4 4 3.666667 3.333333
0 4 4.833333 2 2
0 6.833333 6.5 4 4.333333
0 4.333333 5 3 3.666667
0 5 5.833333 2.666667 4.333333
0 6.666667 7 4.666667 5.666667
0 5.166667 4.833333 4.666667 3.666667
0 6.166667 6 3.666667 5
0 5.333333 5.666667 2.666667 2.333333
0 4 4.666667 2.666667 5.666667
0 6 6 5.333333 3
0 5.5 5.5 3 2.666667
0 6.333333 6.5 5 4.666667
0 6.833333 6.166667 5 4.666667
0 7 5 3 2.666667
0 7 6.5 2.666667 3.333333
0 4.333333 5 3.333333 3
0 6.5 4 4.666667 5.666667
0 5.5 4.5 3.333333 4
0 4.833333 4.166667 3 5
0 7 7 2.666667 3.333333
0 4.666667 6 4.333333 3.333333
0 5.666667 5.833333 1.666667 5.666667
0 5.166667 3 2 4
0 4.666667 7 2.666667 3.666667
0 4 5 3 3.666667
0 7 5.5 4 4
0 6 6.5 3.666667 4.666667
0 4.666667 5 5 5.666667
0 7 7 4 5.333333
0 5.666667 5.5 4.333333 4.666667
0 5.666667 6 5.666667 4
0 5.666667 6.666667 3.333333 5.666667
0 6.166667 6.5 1.666667 4
0 5.833333 5 3.666667 3.666667
0 6.166667 6 5 4.333333
0 4.5 4.833333 2.333333 2.333333
0 5.5 5.666667 4.666667 3.666667
0 7 6.666667 5.666667 5.666667
0 4 6 2 3.666667
0 5.166667 6 3.333333 5
0 4 4 3 3.666667
0 6 6 4.333333 4
0 6.166667 6.666667 4 2.666667
0 6.166667 4.666667 5 5
0 6 7 5.666667 5.666667
0 5.5 6.333333 1.666667 2.666667
0 5.5 5.666667 5.666667 5
0 6.5 7 4.666667 4
0 6.333333 7 3 4.666667
0 4.666667 4.833333 3 3.666667
0 5.666667 5.166667 6 4.666667
0 4.166667 7 3 3.333333
0 6.833333 5.333333 2.666667 3
0 5.333333 5.5 5.333333 5.333333
0 5.5 6.333333 5.333333 4.333333
0 4.666667 5.5 3 2.333333
1 6.5 6.666667 5.333333 5
1 7 7 5.333333 6
1 5 4.333333 4.333333 3
1 6 7 3.333333 2.333333
1 6.666667 6.5 3 3
1 5.833333 4 2 1.666667
1 6 7 4.666667 6
1 4.5 6.833333 4 3.333333
1 6.833333 6.5 3 4.666667
1 6 7 4.333333 5.333333
1 5.5 6.333333 2.666667 3.333333
1 5.833333 6.333333 5.666667 5.333333
1 6.5 5.833333 3.333333 5
1 7 6 3 2.333333
1 4.333333 4 3.333333 3.666667
1 4.166667 6.666667 4 4.666667
1 5.833333 5.166667 4 4.666667
1 5.666667 6.5 2.333333 4.333333
1 6 7 5.666667 5
1 5.5 5 2 5
1 5.833333 5.166667 3.666667 3.666667
1 5.333333 6.5 2 4
1 5.833333 6 4.666667 5.333333
1 5.833333 6.833333 3.666667 5.333333
1 5.166667 5.666667 5.666667 5.333333
1 5 6 4.666667 2.666667
1 5 6 3.666667 2.666667
1 5 5 3.666667 3
1 6.5 7 3 3.666667
1 7 6.5 5.666667 5.666667
1 5 5 5.333333 5
1 5.5 6 3 4.666667
1 5 6 5.333333 4.666667
1 7 7 6 5.333333
1 6.166667 5.166667 3.333333 4.333333
1 6.333333 6 4 5.666667
1 6.333333 7 6.333333 6
1 5 4 3.666667 2.666667
1 4 4 3.333333 3.666667
1 4.5 5.5 2.666667 4
1 3 4.833333 3.333333 3
1 5.166667 5.833333 4 4
1 4 7 4.333333 5.333333
1 5.833333 5.666667 4.666667 4.333333
1 4 6.5 4 5
1 4 5.166667 3.333333 4.666667
1 4.666667 5 3.333333 4.333333
1 6.166667 6 3 5
1 5.333333 5.833333 5.666667 5.333333
1 4 4 2.333333 4.333333
1 6.166667 6.5 4.333333 5.666667
1 6.666667 5.833333 3.666667 3.333333
1 6 7 3.333333 4.666667
1 6.333333 5.666667 5 5.333333
1 4.666667 7 2 4.333333
1 7 7 6.333333 5
1 5.833333 6 3.666667 3.333333
1 5.166667 5.833333 4 5
1 6 7 4.666667 5
1 7 4 3.666667 4.666667
1 5.166667 4.5 4.333333 1.666667
1 7 6.666667 4 4
1 6.5 6.333333 3.666667 5
1 6 6 3.666667 4.666667
1 4 4 4 3.666667
1 6.5 6.666667 4 3.666667
1 7 6.333333 5 4.333333
1 5 7 3.333333 5.333333
1 4 6 4.333333 6.333333
1 5 5.333333 2.333333 2.666667
1 5.5 6.666667 4 6.666667
1 4 5.833333 4.666667 6
1 4.166667 3.666667 2 4
1 6 6.833333 3.666667 4.666667
1 4 6.666667 2.333333 3
1 4 5.333333 2 2
1 5.5 5.666667 5 3.333333
1 4.833333 5.5 3.666667 4.666667
1 5.666667 6.166667 3.333333 4.666667
1 6 6 2.666667 2.333333
1 5.333333 6.5 4.333333 4
1 4.5 6.333333 4.333333 4
1 5.5 7 5.333333 7
1 6.5 7 2.666667 6.333333
1 6 5.666667 4.333333 5.333333
1 7 6 5 5.333333
1 5.166667 7 3.333333 3
1 6 5.333333 6 5.333333
1 6.666667 6.5 3.333333 3.333333
1 4 6 3.666667 3.333333
1 7 6 6.333333 5.666667
1 7 7 6.333333 5.666667
1 5.666667 6 5 5.666667
1 4.5 6.166667 2.333333 3.333333
1 6 5 3 3
1 6.333333 5.166667 4.666667 3.666667
1 4.333333 5.666667 5.666667 5.333333
1 6 6 5.666667 6
1 4 5.5 5 4
1 6 6.833333 4 6
1 6.333333 6 3.333333 5.666667
1 5.666667 7 2.333333 3.333333
1 5.666667 2.166667 3.333333 4.666667
1 5.166667 6.166667 4 4.333333
1 6 1 5.333333 5.333333
1 6.666667 6 2.333333 2.666667
1 6 5.5 4 6
1 6 6.5 5 3
1 4 7 5.666667 6.333333
1 6.166667 5.166667 4 4.333333
1 4.666667 6.166667 3.333333 6
1 6.5 5.666667 3.666667 5.333333
1 5.833333 6.666667 2.666667 3.333333
1 4 7 3 4
1 4 7 4.666667 5.333333
1 4.333333 4 1.666667 2.666667
1 4 7 2.666667 3.666667
1 6.166667 7 4.666667 4
1 6 5.666667 4 4.666667
1 5.5 5.5 3 5.333333
1 6.166667 6.166667 6 5.333333
1 7 7 6 7
1 5.5 4.5 1.666667 3
1 6 7 2.333333 4.666667
1 4.666667 4 3 2.666667
1 6.666667 6.666667 2 3.333333
1 6.5 7 2 3
1 6 6.666667 5.333333 5.333333
1 7 7 4.333333 5
1 4 6.333333 2 3
1 4.833333 5.833333 4.666667 4.666667
1 5.833333 6.666667 4 3.666667
1 4.833333 5.833333 4.666667 4.666667
1 4.5 5.333333 4.333333 4.333333
1 4.833333 4.833333 4 3.666667
1 6.666667 5 4.333333 5.333333
1 5.666667 7 3.666667 5.333333
1 4.5 4 2 2.666667
1 1.833333 5.833333 4.333333 6
1 6.833333 7 3.333333 4.666667
1 5.166667 5.333333 2 2.666667
1 4.666667 5 2.666667 2.666667
1 5.333333 5.666667 2.666667 4
1 4.166667 5 2.333333 2.333333
1 6.5 6.333333 3.333333 4.333333
