1, 0.884216, 2, 0.767969, 43, 0.957695
2, 0.767969, 3, 0.207292, 28, 0.954861
3, 0.207292, 4, 0.073611, 15, 0.608333
4, 0.073611, 5, 0.046296, 12, 0.319444
5, 0.046296, 6, 0.000000, 7, 0.138889
6)*  weights = 432 
7, 0.138889, 8, 0.000000, 9, 0.416667
8)*  weights = 144 
9, 0.416667, 10, 0.000000, 11, 0.833333
10)*  weights = 36 
11)*  weights = 36 
12, 0.319444, 13, 0.000000, 14, 0.638889
13)*  weights = 36 
14)*  weights = 36 
15, 0.608333, 16, 0.316667, 23, 0.900000
16, 0.316667, 17, 0.050000, 20, 0.850000
17, 0.050000, 18, 0.500000, 19, 0.000000
18)*  weights = 8 
19)*  weights = 72 
20, 0.850000, 21, 1.000000, 22, 0.400000
21)*  weights = 30 
22)*  weights = 10 
23, 0.900000, 24, 0.700000, 27, 1.000000
24, 0.700000, 25, 0.000000, 26, 1.000000
25)*  weights = 12 
26)*  weights = 28 
27)*  weights = 80 
28, 0.954861, 29, 0.909722, 42, 1.000000
29, 0.909722, 30, 0.458333, 41, 1.000000
30, 0.458333, 31, 0.050000, 34, 0.662500
31, 0.050000, 32, 0.500000, 33, 0.000000
32)*  weights = 8 
33)*  weights = 72 
34, 0.662500, 35, 0.000000, 36, 0.779412
35)*  weights = 24 
36, 0.779412, 37, 0.558824, 40, 1.000000
37, 0.558824, 38, 0.117647, 39, 1.000000
38)*  weights = 34 
39)*  weights = 34 
40)*  weights = 68 
41)*  weights = 1200 
42)*  weights = 1440 
43, 0.957695, 44, 0.885165, 51, 1.000000
44, 0.885165, 45, 0.078853, 50, 1.000000
45, 0.078853, 46, 0.007752, 49, 0.952381
46, 0.007752, 47, 0.285714, 48, 0.000000
47)*  weights = 7 
48)*  weights = 251 
49)*  weights = 21 
50)*  weights = 1959 
51)*  weights = 3837 
